200 200
36753562912709360626187920237592289736129319478450361063206155476569374525474430786884314920689266495048717272261061594909177115977673656394812939088509638561159848103044447631759621785741859753883189
64333860488897764303092540594692247754812893680210511085064625862847240629908131103403919693380566400462675698728299602761321599149107587048042961042220552902838040919625449936050294351743146942264128
89288868383338047689068790333732652658796041048708624793928301789154925749945935708199782534902019621207311905677406474858260664628960701013772645202909945103788604676097597853383793787419098858437138
09799324371220217517417111704085166219648081022975646379749170608539415415549838522270346363344397258902476571333851087635080411359341508356599076376150650812269104274032803700349274252443860892231834
22451757169813337986704848168521996064990893148967737122150904013741130321756542217241657859273647972216302156500346602589506083782105855073823077769119089880370692177976271588456568488387524505732721
34941957412216202297435614031277981076010251971312068749244591289606409454663995213099134585733895538603361870511030045424999498163933461561722928124786377237253768136403585099802490120063908387310050
31801791035948469290303379499194206595611437273392444993832954394955739072729050417936212539188705279196368466727410064437347217956895521599162105321976820643369048512973809231874163855012648562526913
31526944607437900226903558717060413029609354364319109456259177411913874931387938840086823850592685283678726629703723517894164354873350145707899394645556062699296553867360269308765240068549468323622470
49654642516137712108901348582206361057420033904334245381131581339754496721013776391041186434770745307299302799520835965630207473016757889078031036732215338285808693374371396420295746491231813892451001
33000222479854786006437581093026438670819816485015970628950272817797988980520243730015800047531420130048220245840842542757522866009126948282786770945422396574394406022843111900025769198765114857669143
67697609076687766537697264075401280152071649535110070816414986225232739015069792899893636044966419804905501602884983449175762425505297768120328746380497975137809521327332386160919150949682465347471404
83346155466967564300253850566734080815351140118578516091249014432513260696808675446055391504967430966045828685340177808978397250248062656634171308290108167882138935412277914047876808614525938843505934
62532000980967214484984419680936389501719826759399797350419414364227618511306447538273537480016458312295546312065194468108129886820249815646863574240272016194996942023689286735359597990521020636948408
44824277993984080590918287684898370719630148666617829659437828876049122246023986869726889881680484429645547057643537328308669719371235702607371847689639697560527663243604363749429382454322474161687049
69516022227361007231074801873471344246498425727440560040320869923548107249923667746960995173085439462386270767431247558077377932078207146112887101079076933649846997801435943855283182705261178867749002
71620482233272454168048835247475657697032380525151158933678625100082887015080715133948236090702000408119939912647932875604696896859870785878052857257917396998773652840649665962887570229138137614920186
34205944919934125726014153577332074768189372706470291638285920347716554681051891810973912626650543198776873254357565958331996171402580169705132999606430541458519967905976681892954627671718680786696185
96617556302598238616613409682642305072802354307188742212172636088708998426878598364715944200008171990934731782531212926469699409510723328716191214607365224396467462996787526747118066609058704660062652
41420103404062272751900620249995037049489008225621813077214113638663523726568022324823857288773539081655221256588993470110187530661828543968518529076007327071337639695981753807734655589396641507668168
25373551817682477333778964645420977544656514952717006102586320319266741314911102125735015867190239803157770980314890513019920073976493380371512213274596490417905566104152435756275745386347139817429855
22071563210885649232722826216089288554898976453576951155906627767513292000875145040377877431307178610830029654370507284257389119970966288165793745574919949051178286805841511095664255160097306245027523
90700678440191814917971442849398360540484403807498387544938887916980929399979630668335720738721339532483592675631795289282054100253623975142828299919857354984932494893329732553647642370070663813414868
75193839425941841779408754092800311626668375461738999986388668821183860807365569350449377156938078655835791347494468598523119136913498179303265923784736369272084535542594040535023406232171499064511062
67694145671654197001113761873719408014773958587289691189478749909903482790668509760809948724814806366547725696764744639623016618545111193672441915501665976739685327658135389692242519226101082636593306
85692516043155336549385860795763324785309634189044994481650158601071703986514510900560645772732859131429091742755713778565741246181525455729295796085054650774502957422196117806637132719706267674316758
38116492765215402474263906396879680420818549002369917209158735816150332198390526647360495381072888913344194348922971922651770268251507017663656965277464732770795075898754211020667515089488458167866853
47678974771821937723424014872326184191770873288950524945634886517128415505023831183709362741614347398160662168496976924119472927868874952360310009891334494806784593980139472694594849200691569120730774
81307252312806803710633050360028359096427607519003068563621843888989554234187388604663145329607728673008717445428904428972034026014536327074818629263270405800701374907836439314432950110812884911623516
35940284513236355773515943178463077006779224979448721215544590898810487519927061835986453032133916975828830738033621489792927419126821824090825308548629031704638311613215417047013895891973656407560993
63633223454334565491956041842998353875433078444985172796082391128535299798552142679861671000335100959820805011281387674776012542539632812535873914771370073240613677050424901504194421420064055534231573
98303576410725127087532897302253085662203377011719664063995310611497627277998169047743042873866106860887508316430106430810118938516797667410053084949120153956920621388231257587174086224631435497646661
98683667307482628952219387765574363929681529904799240191097547905299377441641033157486585432152671830576950056373212982628843022325585470696255678066250056381633111850912747204203040055703869100585796
96288432682183650818501706776755386429699929204485457527426092740384475387227966421476338039233464811669313309163400046041984521924280343673780022256852270624937577801180550773990607826100503470252570
64761410438619890805050862509217806957213276175155781789139282065680521840467272762050186314512072244539597214713138257088451880104769639582055569304202067375388856949897314863923346774701449247833044
97647477622300057061686076608048924873557088203931299006968783577156432252075588627839627515074702457872291769523526490442941631078777108474359601562706122486805693605462999871148428252502382061523079
56046069463868493618468074534221056854710306365629685604257992017694095247975459337090525237638320949775462229182181155888542606610787255478306516822412488840422592417076827690483646086973135385636534
43819815664044035967332380676130413596355771104912846004163906168649477946376988264874403015641627666582110020047446116619193465243891124327323278801462591839575966299741676925705873222637785393142016
49508758828751999466519441863149029116918785084921672749047682506517329407927622789175082040290064726668471135305542262468400706180966804147890366592031801894704710411047926955534039131220812286347662
36415263723044578987021984580205867505870396753843756866334556155015713754529926293089732380095796278765427332151481374823044516463431995838046414543045540921567023412917824685231558204206674586029531
43589351898493435603461431848353723871260009364154691756150988252640768980046473132419224213268544732521547384717150194728064130703057321081675502632016032646646944698998355808281412018384148762343462
21901283298348743784374119653496516636977731805196823466321763314179986669061792377813557843196505613371497877224918285969488250721170430239961554502019989706980017153396202380832263171254962975902232
05450270893446189820561410454975442669748204022926172315571060724991087828422744354607365483556167467269201497035415263911288896744482303764667110957240660679565915265753120133348292450439686107745411
84385831313458972470552741195425855668719256264723778942253816503169952197725398665482809401061379586795777208077835047980208555605205072714843529043953983738401021540943327971895101609994944069333527
97186804957083072124584370635026845645142041460874253982177870574048774978236326761071508298245869736146279803672701152171907503676510159059629819924163455126415266573499671552477083550165936452321692
75080736408553056827184927155083501796348313931713532926832362814213849702095387750144747185567908594466987446111348732752201921970638229073606942715082415527744909824921403007291919262715401001103598
83025299428520167533545757912811313064907051097063537113806017360896308206335251504537030663599588431451004541802577271237586756719866266841023490129262942837429437053939234773917834050435197250967571
49688647715277771244249948525452512376068795485739255160124989142570208077746239476982126735661118338156952795833653087760446570505421216605181668068956093860041683926708418504500696217526820900492062
81588526722906002460961965907747895977541732562920116214724498189896543736184587598141533183913802778041871321271007470780292704973990077422541872511602633003622011041783130327778038223624198499713801
42745912812417655016990080148272648159562904889382001221267105569477543853243373575808124956432571245720244594161643468075618087132804931500117583841878451260093285890961284134439628683821021569070166
48409956564740790910425238931617687874420016088109343188983064922620184388296028174483491717101476604253092996723264523895717074636154483873647184558138829536211028486883340068634549322407228523371270
70672269626239755747152387219937106644506350427914829057908114054618181916150961343460150182589970080191918924078314341650038945945177268252651604048125128215929537473491658919335367809922634509446885
16295588053644835071616601181154893344469754339867920803111257636183529726350246150230544869542460735809534780396339504992869207590003978546698243196795293124875095502458217251693262981415094623373831
66240076900741886936184338296602448448338533713506316862811471835970705788251522455254435594607494687355402556713549984466046785365200942398991365456012618209935467751993904152817620083933846394382693
91354172261481510048434597313565622232650729992999034493347813595818286258347668561122459150712213331979913899667979236372545788111420333912070877913640014792526860004417815914817191312783255832054497
20899059123256396138608140607871860987019336265070851887868565843851762815431230437737546312009404580862537753998972626279579410098176549234736623807634501765764793547791166948448123703971668059504275
51312017428756717445247742906952005209151048839596210984194981104934841167940119730740250850281696292609305439304679816823144223845005167700852232323027533975552064790762760093247742727015880208688756
14316470860587769019931928907688312979065216182085298310302073106314430153763193813744986405717369722960456977378845443085679307400716961570308384840358937868730701519967919970454499502201274276629715
43944640305402446671433111509783299675706458812482525159209199738805496233036474658483306447431213072897190749424262815661524645965344076272214853354812174551279704431058291687112616025770019992535732
77293265303465614544636751228776417033763022785259815410835612453156644266446981164635819592769297061408242850188641354204600649357497241629867724071523985140075846760155031925532806295729949423321336
03034202730792862061578901116487900421606677166582831631764612302567847636644213496561858211761140824717473094354222507341617053038439496995452074246900264269564339298088725944368988205843900355504304
38987323034016286725941496659795783628941662483175669938595784253747553819367675353256228718134630505897743502237774497488214809859640314886201988649509321931036090224922545965721971825148242161316700
07556326537445619001744358435647414246019755517449713260214790531167888963516470343682605284458586464262735492627007288718353133990628893452826546384377105620939191903468642226074501412996989101213769
82507777614631970832943977007815375062936611718911107615647329858376879433506597830513077000987745322587059600585757184885095889333781688560720396024414133711864255515682666797390953596880168506289848
20407572693328216019917979779353413383664999040843854554641688141771257676570577852529996276080359477164913290978340539158777904844570173692902756902139929619306775912273765951753187171263195982795133
50121959690483195749890847799146368574435693224709800994864798336483848307820422504613002671534372778729723967140501103373448177564448510028832004335764038867514150923135130632266934359355327734947270
91399611491844550113382921515314665528690774441652912307658100768413202299833011422754419242418352602841957458711988540774938963145340735402273594448617021829436990166606045604061824847939092681709589
39485657467605074585431560565558619394032812322092745092160815909838444625079479765476882885675579535199726886972429029410299967010532426304902366398451490496310375737569071410069804054215946195679527
64788888699651313464055001918395863663724609961229934435846677155641115598784828711266960528365049282931709302485721417682630444362678970903341825286164558592240629426737083387027646291272698851825410
33098868166728833571670400854970279267093685460949127367345752990018819377945151166092729226736949723852766404630232606750424238302609998738111454646413577190952314203007018156730601951962977429841271
17391078674616325146022231845766517815892353107832436979063539100804593821353337592380208753786996545949204539401731972949218839783290410095055320437621875870748290233432958482438312591279245296219665
07202158654979911825577442750522373780765154265577027083250235482952940667384063067765202447995302527783533149448136677011832363645515069375539544121052237684160611410577021197500817250010637618770747
74107072292365085491969246266633163862392740279938224160087652989467618015132055079495696371889727601512045460160021782349427511373644840586892814195349213164413778474433314518229753694123766056093566
09964048235993854201874434581173260996732331836387466021509838265476249494580438376901271156092731566427105348198988005332052447695468198924933723755488906152832470409291696980285726716543858215258377
45604728587946322782264548021717409871821735460860006662664766606515899072731717737693852548100971453352737828523584081237247356693141324008080330939082709654426830994517525670893993294359703509690261
91569588427371214034289277370911060018052910353956395314244435661885602113141448398849476811397777267471005141991797944728887857595532852368788077763436246121090565943101279297165529365987206465159491
63055946803016767759933585301417725419291622490285379957407541533096116390549889316223263149212711425274250338262014453789710103347865480515553964601970063083338036777740206612274481680908453266155830
87245388124962061065890673121421448986919527743071852019321494730540261316090517692893728087462716752186705756738937502330098260045576146832607401453686806742948615241145315077314794386970467240895109
63245039108361133037629239101199623249359105410714498621531873837371228359102174725889955342845595647673503842416196112668044713297257517011255966599975971372711637300301456164834733541680171237177100
26700370619144673694316688571794466493686513092352703593542722388940500151673900191670126398726640892828995408517676809430535199470674665215086945647783756297354513001522342156932603908527282836136310
74607386933164160644485766341661243981676182529785245714568727041349628337781669303176525317012468330263131429379888633194118354199135661903950051914253865610341256032122619824918653931602956093996120
60251620906458766905688617798096232316626261269979447220191012646079632480708618582404625747021850936104476448216668242828743828013653011957708566591095869161164739052340030986567866344280597060197422
43564621220805458255425249325661137791833014689606169915849325451320414817475558176267862996752884845449288934773491397796483663267012950946343804934613473759275078285482236726211602141446564263104874
09967141587700146701463226365025114050128891025607764386934656477072214195428180886436040615274074495126688499609262978151688305745259048907079996305310500330907642748559576485238779029072364040427392
24281053453153565298150767950994514621067392848569697675360579931313511260644602664341889037952083557693850220708152252358243673029910298242432447984139965422847938189923196532422866772326721434444447
77663987436015958318522097531120888187142763258391166575440753831671587973211262678257991178454831111900451598757892782901966361684795752131909808189599687424784285770983296386216165244988556976464772
02485259532194756533293289026869207744798929694467798236438237159134725538619056957890635769494329901575546464261940126994835298288557201978596612844434839468207272905312363946323776370318150099519060
49890263792476391794415412702338237463954114945215768429692027860508993524949762250292271675351311222777291369707828066423971132476745484712894579697232739842209876434028519188047081286362812990555260
03394177867871656574604721393993424863740449715482844416646157790106572546419177481825701547218448098262135243001395088252973927049897220947447708306123531055951850874089735505358280536831536933132640
51308664146063324951430962388795045903329128672068401600858829524136668672662888621093090002256882458538994172267588007009425223470323334952170048848640785207854008452849276480264040328860567279034430
36812815477190598326098910275588380663123034104146767558676346186342976492802228814879658483211877266905188332233810807647999278924716326379515806186863882701723196948778729439249146426816188710304484
27811135526000260652431654808862544869413034382547983068750536813419370886234788608105272457350612569749394765745665385720675736184268417813388866616100378061890218059842391309961591640448727741766942
10243445050188514112391909788411456790217547318820251363231274439210253127888982107235561808342485702017025013323266034115161530202526448959403749544257996249471743380177237701878215124759696962510549
28215443327589726235416031436820741486848798883516278873037821118258052133912485122131455337740795591026349580012225490946832803565867491672673028887893697177645133195452631045823722211940905440859317
78080640099341653082058458143332341527738662920448843918744378524896769647841805892183179609661041627884580790471619127109065362454434804893841004146057075704959514194694990212636551478951366427838517
91815034509033844558134323908099390993545471955322335899381100261251727564671305569268198228444581853621288631187223034856910378755038488264572207720118709958726551519535995237931142944132116761932088
88952443754206849180250081331231226482768108984893148166221544986727093823643022558365207383871645364848322657102169681539838103651266190385096304492547551563850076886844665497858213980038543661261065
42416314198448440936364196739403847508117052098081840251154015591461282209408209615852967480162208658878838871934419738696724945900819612719815278363132024431123104277449642381338751953616730061590434
31076090377008554731034641745101428129386086061754878234539141204238266087793068765710363299612045882780471987776469495045108304902191338528417053925729431291783113448593544362886350495534822443988739
29394214090594642992236875873267326949348317892283426125612151183779703566345785220854625850960467330806432120964170534111330476119399165399586093056489512550393242460190258070377135308586715261707739
75488303275540527305759376564853513343960636699349017046694090671928314578239395497393985606663968711469484515065796314897653061062101269713411912865444101528844166482373826939415961494748533169709159
64355849201017954640193903994601256062982086991457686976288950298094292512113479437227175160382181522976309776839553482090250468641830693560145210861062187154210513784050274718094122352367700772252757
90667849900126649528727561288780946740860194788830825591612710706393589790188163446915277448630580858929957895331942769636699640645650577476901005292457016173169745704661361463014459172902428414106563
61996758894597236551755008063891082887667248981539804524323632933211999813802275168510255538753274383396676093601463600153948277826375964764324482952969384323115963689057400150545842992344857464922039
77090706356995811589053714134454453443279870472722657249654321766022670759716181376392277821099822181376240080317148388390492494824951797725859775626455626865268855125929604793378915687285711718331045
92750615496742744693931016548199466637398965141720013337191901867542471568094166399942663976062037496643664293054968124732340565406183661081588974818481817883556466723841102999592342725434001847411707
13733940894411777237247732061232635122121774043886702597903047300034456523039537200679461976628842297961486441382341508607289395514423791655785942392154005134607342631996776280419745347852442478653943
51234048457023593218654550099526849265321233703146134589518682266315969004386611546994867727966899587687127708072663379063071673521212126918926402731967465622997238442233157798161557205787098931786921
23622506211913163165064481462876468610454775383621348788044431077151128595246608952723749104511429553412137719515009586416969233189640985857938630888642438461792868076674587572552636872838219417426103
55440167803163882484500874247294738966746255865006676673209029624731527255951453012899211334408991244981496743266475618742394305529118487253782349020826275615189311351296886213115317145726466497744863
64156489734836405961545614254803518378541146916404878559074674927984750167968620007962081748163151758884572535567273693768706013388188656021579516096482464065326436214026294347057815251770202065719311
95031731201373010715957826919229054127469597818189896578260314239943609650551381461048887010563659039994261390758852862784732027940852478830005803381569135367251366726509509319649715851307234382255805
98883991300688192284540374024293273564614682793931506755157586004362744432603219369167692570473031225668050671720866545802042345487276291378440636201003419865333350970029074059909200763659102639727949
84845636650877405116264753042463967623480487359860608084400868375139690658583482644572134331278904063041199658014563996430777769185791820905918487976831800786617388480682393331051934235325106837695875
10543086515857122394362839907680635255818515458709165560461421414131832806443413349106162426597122337717352695232142970325294118441313178550075411828982602013879212529597796269342432692815323244518687
36800496930456695958183748044138930901597552412139149445249774767967038716259662577423969057423331165156773759908862179174839392508034813109091088315225620569811837218828749849671415188356559842585369
35534922938011095672360706879665210822238149460149387477256344867869383319465490530297115749157833983417555114369588291788813518017678336867414464484884666147940620753359020686126724101915911994981417
34950733102646675824166207112407815108628903560265991723456899800331195005573720419783048950830085196819586980923001428213498606137841991789872182544368839891615511800079178398742491494395556229311331
44858757383417571426110623748055430435485758707872603665151156622687427102095974156633240578240628581203522211636499935092838811869189653895170921017536011814100130208807325517620394115429831064314195
04951249653816963373986759892962578804869340169418007682783900379169848772080152952832201613840786760559950287482885317478772740636802029048708108839798585982247820222448430462246215086884028922957313
35731363045318476418619869534668353411815569506140123319264853608259352109081898030461500005395112367770898009804062224425974685933811092012295621165507214675380791011422744428734314035724453424645997
38392679112455824078702260611515546724967305807424206722706987633238824676387021551345616426109634438016744656723157631475006271614528112579341779642900512139211865876345281679755955108431573871369195
83509498048711907233961807410569929080906977267201519809760029913031222839768508852752958150063387701907075045122309514521837185057467197691306536409161246277902941870559982537398226552299981375462639
82707270474630374293308285821429691629888344581920451201703145235499597323793986123473564998421162212146528836641090566956020356889213067872559878836642466421209121729618984883868443891453683515880053
06364104988337451287225595417148994506915970635054998659411147937687279986059777386153194208921801640749566653591228737270292674758844990588037179255992113573978875264514318245362881393652969046592145
69661314165978106838440115038416592626262779782485239242948909658833479656627885528664950950837612160047929620192269676763946928166162875037259495554240746450468007284908925894541986162707945865586906
99167002641504143332782549321580419319585857461796085431483543705648818323361640360003164618110894778532168224570573109563504583253236464488936115426694944513830375111580675406970539245697192250963121
30004193891313969033165686317730733162661792001204522280812687852189355727157278920168442620538768623298923872666692738913166142024565578865223812208119426262486133692698323626156987821667005731202481
32580041702593909582539141385100570694966415706856039946294006286365972815506193796912751374202858565949509130432343730168700905963658500733708952445554524535243510581756138143698165718483128491459725
65049485388936232273477683373749343493941767500739096956584860915256842118899164073989539135228973757981872988307816971905647554821820107317369141940052517384997199121052900814900135489339738447579896
28726078391655660058544132850713707316366543209326372788183274747400156900252385112403423761357097023635850300823284728116241152955440146478472002674405042367572218323182930232491152876002959482237745
03027544457195068009823866135515019873231970678681685181797368061048584691988768048566955603630736807276586553489435123803266261044761419286726792406787325161575943206335109878028619561108255041382015
52542532931226967962432045067132599864257372080976139555354087548426841701909917552608435864718872458628940832717099035531134911358432246532703624728203516139467200555300592055547579841764602353620370
33155820227118625463697145568363890373695316391839490336802838319376636389228323464599190473407464047887929974210962803863403161596476190387718907309715055584733592301350021043975846343101594845096223
44674006974440071018158730614848205927525181380411429202563977810504376016345316550400879166067220779590225758525585862791527241410499411109951520208778822776130179140472377549782551556753668676702959
18805212130855615163941828947448420071205282063591085190984840883800930470679148249050048444524005208467655561616711738792165567087044011569640413888658084763581496099167142393774551572078346687418324
15159208965681501486864949024277002923739219361631418922024473273467950971030213366379573210759105012120435476924661730052337269061293448905808486859877200238136456020810612660247347077292027795397590
77203827421091784834303258343453473777739830139532264702656121660957920826949012251833019743819126811123919833278553964031532644258380973076313470786401555911538396305802666903293833008791056905767540
91652804735365564574245413098719875255749477136505141783214285184609495533248010634704247665373766805471997929982354980766425013605362674466354701319388150851213741218676423815967197122307440045368247
08946097680763106103805278872243239850739007319259530077875111635532526628382309274491298929084757019872632884901372491404504980603682047255648905144414066564726204401248924734261812430186771493066102
99567001730054385445179319193314260193586584932778418361470901440689937887290680421277546538972940055933675835800147801655444950156761229932514539439624361976094860905008551926882744490590399777087797
74483872799333350454563435212301772359548681238294840486909449738964830800143082678836449385568377960042066685044929593444190259945142470238954546407862283408313129388533329703563542780042183417566411
94583520275892715158104289065195743007147828112857860210118957421933967642475870659872815600363658066920390977155054435097043511337920261470188893357858885138291003241588527308933841649354105208842993
06592571129757161832887085416546215464799886513806306215758334255913405585157669219130808851498991451129736402343476778556895804971083157919265715682650239812429647973866903704262627672855017991818396
01738792510709449199580410594776869838281483547488556797878445042947988048504242007899576312018424232058008445947846794547951713139554455429916690592946863935570448805557768558709915891397046100103660
45620327319699602773336369395199674816860751831001536384233874954347245430513813998648074671266622346189150534035119138515664526782492527672207730646527203658458819061941261936022674597182149932859955
29230710948606877828419747558201146120414404004986749845792813929751795347067467251145914197601607978412131877712928632151014294993756279378279464527754068407098484023272099065410187805655376215849167
38638402526504672335299669060856639781156738315768380448466641235305710315166842791957914680723485157400936612001319110570565113640382585468669022933180459960436685865501589681996234572460623284980432
50077106070535251067212071876313422333150113939047088296595357711944251282878704602643293050921037484522000892452628069584578674332914117318554938936905552432885276899522609093098809356810018736447511
87199329438443101503611297662992714668801865178520811932810320793189069145974727930145536668630958056982699084987111666422508513510120382210828549908550003874326538769902016060073030050539081636602704
12582404334657372662470939078240418670314799437915163478598312373343474063136820458995745508936572831237740654610401998678581130333458355610091033244013884117241708855316325640165788368709645937012564
41897220190993872868418788123787969813122133610818671651483052960053565799052256013380448064482487845534661186710260316313951211915771337547330587510261768089193960025972827185858075161161280599791300
78441209881732665278205113248265301451652747206955777518034880533678053439170967566217133711884143169604543559207930863136434061477550116481514527525168704232390247478237600052936442413838187333090125
88580329683039388961936268289659607651732035993989272820960025087763136352861161000412408602100808311046425753853894356317649621762888722497792093720363247420598808870131000509894132476418670470279482
59274484427962646032758652346463500148703519984709174951385943495401282533723393222817968472912454594977341872414697603460851218960387133412955344306662967210106136049513708254886474661582512347042195
48552092986624451498632014755800755176484269704054937330925615802310250687779296809735847310190352579859538678358224928761991028407582557314341494088874275590330080455218865006606414133682637837873516
60212378534695124962431731769845068217272732456865318601799883502333270546713511044105404484947392729976767018423853595254870501793912588212256551110656233215485996244287412088391486201552093702327077
71804707833615922455582726218995077669452733348503073555379168685452599884339119437982711627415170521402965876940658022106067684837209415913809874897039736616101041184795276355764687673444076390508190
73736504142148972334208105316315808558185301490843383396047870460236346096137123671202007786924979725425230262749181583274168767739291746064231469728165772550345265661267902069941977747994128676334470
16368970301098469620027790235068894703943063931894916897811539420010406723218429030611615778812833075778211053176149501098891174694463484502119955907008007116706142683153567484074996816520410054414949
39624466325485541967067523963368340908550298864173879754240578504716581712710447745832256535506089658031202368032727942717378178053858901337351553269743690429224830642707532619156242513555409182349549
29467560342780817664655600295607565421477745956614292972993465331905042039524415834051442790426636360666518951667262516707852635261449091108464103556436133596335679601931970612968503346717542011071184
47463592199425002199610922665621368739158312812221104198576031297281318349542966089610498393434352686410587973673757726557191728097650839726106671553320159234053930233116948506981415521664099582605938
73260329154201737378283329501188416460495018101841681234394402365101260984794100489504943385833356792781162692631781207736531898467936274455718018158944799008944630257822395318243050629639426101159031
47290304755353779064447568250564485737103858235354708474491667237000733048181817419378929105038830004330468749490540352264099092195750716780651905961389900919121898889457734845651901802913027138916083
85843591020349380430804383564514098540772708856011391759227678290344533733838649891966188077996942598991276352431557386385096801162971210046391468428259788369697904225352181449501329219377237147572207
43777374408612025709070765480674962801343327529399228395055015721123257702486616730661396899381793011013471032838894125927885955578899139344747556260763441268715517720876251006824920487503576057941229
86418697168364151406188878490680544303211260605746376484223413467817441569759345105743185626964676632708885810540016354116734491054247235838082215842254857298616230955450279692276494091940001626843481
43859893760920832252488968394301696896364358463800058066895328419218046684440940947963544399152083009879235439725421098629555973473682506359441005327391567064524082364991035356918869916634386995343752
15788569657469847180271344774295783730717665560378315741138559248843015773439468310086420297422406709296731809753973515565509949731682457847732020493179829715889167302388061583745082064145745661511742
67094851503323967534002817946484184599849193781466086269155794422893997818309465063809736208640142431434264120628108291924700915160504920443627540589971364585093143768924488254413302759127638065551545
19303947290429130329821678104655717002941985998142035394215672363165551869670695918457870559005533180497456617101166175142142608236277932804536655482196323813636455279459024991459679403704269815634591
62321445033747987049640916473681813987483957647542538521398658731229087374259015460433764529314636656303030951619752228692745101966529024039412387821802176688797641565978031280164455682463462129495904
90714635271927773627261655535774957330058172041303040107770448035868883892399441056286954018824502301810162026123742669261265617947020238651575862248464792253969883939794043650874833202629118226539429
13541269237561609010292667974187441580605563643744786142131550216574555213597873542366572849880437113836195092569797664050958923936410041562811992679276263255560201407763165256713832678995762702145831
25999676704242942099636787338762471538420066370571655225280276413788720936563530697332070097630120993186734007296221439458324556778086862282131756111076820496163173779100435712343442124193929438806948
18165401835258712641868146327709725568673391462649925751514386488137994345484668763250631080628733632288727103281729784982176969424642436377995067136546955561503187451080979607612277064641711322287515
50367333667359297607940162030105352005573400440122818856351382039260017569604838222127954302717653655313595178990125840273644409997648999406507732246563857419508275284135907772906555052993865994433058
76863594779241960811592638988666364845313467656867938192102099847221873321206884807638059370474198398842172952452128025172319930782786995183628062885392746639727107796536891697905636012695587497397940
82190089057638954802798892763381792812947702797399581670868108579970274166435367525882889611668586505231894630304884382266524572344868977532884484912358902469896382191056354995486842752110300930369586
33103157115754586681800305900886106631364160510378661691413612244817145671652600678759190461686077903761846106393381290546625454364733027850409057179323017552119702006883843968898730233001232302814414
01830748826148680815158278535675778944736561651634179216069548235322717495750036453394112296019741924683278474039560971110714808902680929076499557566887970361373651856855694641518298187435575050335932
40118743847821825472142855325751784589063868952699826001535222691069177576581742846448713366527844963932502878072848619167749526142637887266083487241357151026830015715633251691535662679901586717208773
09837945213969859876954036036996172098530128033132820443078667597906779984719322727761298377046936734924525478662349780517442135930523077516592058927990844070863845364237896113125015111728706200948362
07378421682953080260442572157778407449609094302540795064479169139876058958400886957673232179284471079866829039744404047456305744143241836959823595999836596280614131244839744293704689358999250686710315
59113041087192882876592452777854965399499329619018669027494281890429580723806707765688337077357391252524004696562040885802738677812266688247815220220020223082886204183909981605859852074604883425934454
34562511219752718758705966520065612893916111302370162650402429002293705418568095231418761925046565865309157179612985053146870429905765892512693811636943542894906494176557738141404390675874466226735382
28621065208116086740505782247181145261982825445349391890216144451099398772238962024223474001656776907786129948442864323744011908790480015119973152884179782874844904106619736163541180250449125535155939
83264891502337033434981263912503849439781136830205695831355527002065135240955175836530767449141369072728733560046791988824768095904396191747943535743728194115607337176340236610186679680292882518445071
22498511577266078216054338709713982935015931560483209654525618926212913438886046476531986647562303597040140745404057458014980120792408612608349774719733141483453615478858713600093268584842289770239027
81037059081888837271378092514902008923944232317265394395566968388183797132366382831482958666405535004719276806002340536512284958450044963765485611686240760157112218807183644325686430626633374717699329
80323501667164340696353429514733787247525333769948505967821596894710792227693780840358150402003484755977758259235460395556776044711201278023146615644492099813584635974878113076740181300504854349036616
55707464087091228386821221680947417185583314638466259491771776639359028379052811546607995074857894799756854355421283993602087088480375262699352572082374574395343390818299236403804041610160606135349288
30106155417824157875036509993809019756498192707606121782973273387272113942344307929117507854484133544851205635339361211918679202658255375869694540673066046976134159619215376751930438063652595922095937
66435164588060619434303735605171746454002011192238688163624363737305007218548063842858232878144174696327491499773168904481295824484148007447336754764122474958427033833799434321710252699217179072377847
91234651975492694965677590480879115572979438819307084835074183295772961827918861889285092622942629117201112090379227748200415887790632873295324448142084226716607792179518040607523741263066627518735708
72588573703315067833020407976974324183773016734419931173862770302740230751324987990208606074206792915980034634325445426055678347741331565220662228983788377324098123509022000424442912969791121155405629
02008445884206003016449925071271793739447160760283020922449888159553699625693612136120394593500777249121881144578492443112495664688590670906484425869473832328886857116136894456935074388712510327038863
56210709352295093410734906415342993065190322143685660271924650069366907151568926494612726303409368170185262056915379773304846802819820376793484143210673279879353457494284524948582541888096943289230658
23172777515225235117741653952644953443314039884315291459764928645901253966046498127462358872836648794002908547371017275252557311292812002888515749686313768412833014337715698382261002370443827140776479
13808821731977893231622149806707207112485575454707861276486058981992132809376046955172712538658749154354493010905434806181166950867293834455467901313143351146442183688226962755016320975011757165753576
