100 100
7067226962623975574715238721993710664450635042791482905790811405461818191615096134346015018258997008
0191918924078314341650038945945177268252651604048125128215929537473491658919335367809922634509446885
1629558805364483507161660118115489334446975433986792080311125763618352972635024615023054486954246073
5809534780396339504992869207590003978546698243196795293124875095502458217251693262981415094623373831
6624007690074188693618433829660244844833853371350631686281147183597070578825152245525443559460749468
7355402556713549984466046785365200942398991365456012618209935467751993904152817620083933846394382693
9135417226148151004843459731356562223265072999299903449334781359581828625834766856112245915071221333
1979913899667979236372545788111420333912070877913640014792526860004417815914817191312783255832054497
2089905912325639613860814060787186098701933626507085188786856584385176281543123043773754631200940458
0862537753998972626279579410098176549234736623807634501765764793547791166948448123703971668059504275
5131201742875671744524774290695200520915104883959621098419498110493484116794011973074025085028169629
2609305439304679816823144223845005167700852232323027533975552064790762760093247742727015880208688756
1431647086058776901993192890768831297906521618208529831030207310631443015376319381374498640571736972
2960456977378845443085679307400716961570308384840358937868730701519967919970454499502201274276629715
4394464030540244667143311150978329967570645881248252515920919973880549623303647465848330644743121307
2897190749424262815661524645965344076272214853354812174551279704431058291687112616025770019992535732
7729326530346561454463675122877641703376302278525981541083561245315664426644698116463581959276929706
1408242850188641354204600649357497241629867724071523985140075846760155031925532806295729949423321336
0303420273079286206157890111648790042160667716658283163176461230256784763664421349656185821176114082
4717473094354222507341617053038439496995452074246900264269564339298088725944368988205843900355504304
3898732303401628672594149665979578362894166248317566993859578425374755381936767535325622871813463050
5897743502237774497488214809859640314886201988649509321931036090224922545965721971825148242161316700
0755632653744561900174435843564741424601975551744971326021479053116788896351647034368260528445858646
4262735492627007288718353133990628893452826546384377105620939191903468642226074501412996989101213769
8250777761463197083294397700781537506293661171891110761564732985837687943350659783051307700098774532
2587059600585757184885095889333781688560720396024414133711864255515682666797390953596880168506289848
2040757269332821601991797977935341338366499904084385455464168814177125767657057785252999627608035947
7164913290978340539158777904844570173692902756902139929619306775912273765951753187171263195982795133
5012195969048319574989084779914636857443569322470980099486479833648384830782042250461300267153437277
8729723967140501103373448177564448510028832004335764038867514150923135130632266934359355327734947270
9139961149184455011338292151531466552869077444165291230765810076841320229983301142275441924241835260
2841957458711988540774938963145340735402273594448617021829436990166606045604061824847939092681709589
3948565746760507458543156056555861939403281232209274509216081590983844462507947976547688288567557953
5199726886972429029410299967010532426304902366398451490496310375737569071410069804054215946195679527
6478888869965131346405500191839586366372460996122993443584667715564111559878482871126696052836504928
2931709302485721417682630444362678970903341825286164558592240629426737083387027646291272698851825410
3309886816672883357167040085497027926709368546094912736734575299001881937794515116609272922673694972
3852766404630232606750424238302609998738111454646413577190952314203007018156730601951962977429841271
1739107867461632514602223184576651781589235310783243697906353910080459382135333759238020875378699654
5949204539401731972949218839783290410095055320437621875870748290233432958482438312591279245296219665
0720215865497991182557744275052237378076515426557702708325023548295294066738406306776520244799530252
7783533149448136677011832363645515069375539544121052237684160611410577021197500817250010637618770747
7410707229236508549196924626663316386239274027993822416008765298946761801513205507949569637188972760
1512045460160021782349427511373644840586892814195349213164413778474433314518229753694123766056093566
0996404823599385420187443458117326099673233183638746602150983826547624949458043837690127115609273156
6427105348198988005332052447695468198924933723755488906152832470409291696980285726716543858215258377
4560472858794632278226454802171740987182173546086000666266476660651589907273171773769385254810097145
3352737828523584081237247356693141324008080330939082709654426830994517525670893993294359703509690261
9156958842737121403428927737091106001805291035395639531424443566188560211314144839884947681139777726
7471005141991797944728887857595532852368788077763436246121090565943101279297165529365987206465159491
6305594680301676775993358530141772541929162249028537995740754153309611639054988931622326314921271142
5274250338262014453789710103347865480515553964601970063083338036777740206612274481680908453266155830
8724538812496206106589067312142144898691952774307185201932149473054026131609051769289372808746271675
2186705756738937502330098260045576146832607401453686806742948615241145315077314794386970467240895109
6324503910836113303762923910119962324935910541071449862153187383737122835910217472588995534284559564
7673503842416196112668044713297257517011255966599975971372711637300301456164834733541680171237177100
2670037061914467369431668857179446649368651309235270359354272238894050015167390019167012639872664089
2828995408517676809430535199470674665215086945647783756297354513001522342156932603908527282836136310
7460738693316416064448576634166124398167618252978524571456872704134962833778166930317652531701246833
0263131429379888633194118354199135661903950051914253865610341256032122619824918653931602956093996120
6025162090645876690568861779809623231662626126997944722019101264607963248070861858240462574702185093
6104476448216668242828743828013653011957708566591095869161164739052340030986567866344280597060197422
4356462122080545825542524932566113779183301468960616991584932545132041481747555817626786299675288484
5449288934773491397796483663267012950946343804934613473759275078285482236726211602141446564263104874
0996714158770014670146322636502511405012889102560776438693465647707221419542818088643604061527407449
5126688499609262978151688305745259048907079996305310500330907642748559576485238779029072364040427392
2428105345315356529815076795099451462106739284856969767536057993131351126064460266434188903795208355
7693850220708152252358243673029910298242432447984139965422847938189923196532422866772326721434444447
7766398743601595831852209753112088818714276325839116657544075383167158797321126267825799117845483111
1900451598757892782901966361684795752131909808189599687424784285770983296386216165244988556976464772
0248525953219475653329328902686920774479892969446779823643823715913472553861905695789063576949432990
1575546464261940126994835298288557201978596612844434839468207272905312363946323776370318150099519060
4989026379247639179441541270233823746395411494521576842969202786050899352494976225029227167535131122
2777291369707828066423971132476745484712894579697232739842209876434028519188047081286362812990555260
0339417786787165657460472139399342486374044971548284441664615779010657254641917748182570154721844809
8262135243001395088252973927049897220947447708306123531055951850874089735505358280536831536933132640
5130866414606332495143096238879504590332912867206840160085882952413666867266288862109309000225688245
8538994172267588007009425223470323334952170048848640785207854008452849276480264040328860567279034430
3681281547719059832609891027558838066312303410414676755867634618634297649280222881487965848321187726
6905188332233810807647999278924716326379515806186863882701723196948778729439249146426816188710304484
2781113552600026065243165480886254486941303438254798306875053681341937088623478860810527245735061256
9749394765745665385720675736184268417813388866616100378061890218059842391309961591640448727741766942
1024344505018851411239190978841145679021754731882025136323127443921025312788898210723556180834248570
2017025013323266034115161530202526448959403749544257996249471743380177237701878215124759696962510549
2821544332758972623541603143682074148684879888351627887303782111825805213391248512213145533774079559
1026349580012225490946832803565867491672673028887893697177645133195452631045823722211940905440859317
7808064009934165308205845814333234152773866292044884391874437852489676964784180589218317960966104162
7884580790471619127109065362454434804893841004146057075704959514194694990212636551478951366427838517
9181503450903384455813432390809939099354547195532233589938110026125172756467130556926819822844458185
3621288631187223034856910378755038488264572207720118709958726551519535995237931142944132116761932088
8895244375420684918025008133123122648276810898489314816622154498672709382364302255836520738387164536
4848322657102169681539838103651266190385096304492547551563850076886844665497858213980038543661261065
4241631419844844093636419673940384750811705209808184025115401559146128220940820961585296748016220865
8878838871934419738696724945900819612719815278363132024431123104277449642381338751953616730061590434
3107609037700855473103464174510142812938608606175487823453914120423826608779306876571036329961204588
2780471987776469495045108304902191338528417053925729431291783113448593544362886350495534822443988739
2939421409059464299223687587326732694934831789228342612561215118377970356634578522085462585096046733
0806432120964170534111330476119399165399586093056489512550393242460190258070377135308586715261707739
7548830327554052730575937656485351334396063669934901704669409067192831457823939549739398560666396871
1469484515065796314897653061062101269713411912865444101528844166482373826939415961494748533169709159
