200 200
17266016371792563872363112660423379190927098364843079590879033360391383395141848147118316219678807056507043427453166028861928930958508434998634140764761983978063836891380363779878246354952950554353404
44091001906371912652369822578614243345536385498754182284441225849393868696146033462882248560046996472244170973239619953931237856613149577766000193281594619524186612681559179308728078451303014887266313
24138347647543166118556538113447071017991848156097843718749105805136025219247846552043817947559062877518634339986310691518283409608359314877988729780043881123313168322929719781870076484799120448590982
07594512215299056947464079978728777158671112218834893290307191161006165497710515194415445477783813421062935907526180756416186777239436841442316946111084613282217173977311744569192590974402845672970623
09864657502724468699065896714966043620500875411482309000671387904468548725289627869780979208010669633527275137035034023953976052917462199622537130753060587184695354565627070805890319367287666411899351
26036386410605270246820050943678491041792954491427329546652129961075466851313465419364229443630769407102433701442491013169525711853583939209675014138744618101486957540492559072695482045086146062718777
14416252337157708789251098375059610257400135118106043242270097950976846970483493320664982103899808694382542814348304014225526637796126390891237088681226908661331175725904349060028271063849295524016717
44356057441371001613688021218304930555401530852044304409520572285241703166144448000662517784903729829357964508320596849540150425529554472825987936813987902067729695232424914728501820712218980861585759
44203481721941063444474100159665386854128332458995364794902998649244968791238020776145867056032967353342467579566102688385289407152496853502650260748708529689304565351801279317502484456316446115660752
19904370316350836100583850559282392822885633628430719014282402661146546009383239202303052494650984530340399834784936351792150478822188119295693086932223541588582990733955444764558902356626497698761079
51510166967982478852729618540256609627413424683768153246090138998082825367955243159603204239041159333982889403730890313966981298353661049902285567528816505846871169264466604153835916589283963299425083
64637368637814827788512506976735198024819712495183144596483278707502113086525056380941701228100050293714368164714720090143953950109771139946519004005319624132362331644740591513945478452085414869044620
77102343910606328103261953390719539985377559183993431827186350205423172027937546899074902749782244761983888532333350941127217444012130610693929476563897728464898201394355968015682161835992303123454110
80860146980718277213446893446564743767575556673316850540004672046334282749606158863019019698892755176552432349145658851940820295014689854289313970978172154374077557632170211721818647882212821797552760
08138366672142996215642519349149274021680016225878533014940854971493754977590309152653359357856116781399040270118673100168043676266695729769002069592608624993510191865764884080239412474885337568945441
04145969283429189042538419085696120617545009137051234276194766378552428948053859992441272868617774918732739016118572811198189158540435800022645694887296026131097250752955349000418139052665066703099296
72283599693193611461339369373463683152114443924272405534683921410827251615928555817562141553606809626718400485168834158226706616590161124272988871408540131992741789993330751550810764997089455753865290
26753453652412414409258717589483289724282535796358476369017177415508238683172008057604507435298959992852169689696376958791433430329726964823082631556546981224289351957351851245410064854078616544959814
09212686708367129835213854462712656016609755660573214792158441816619309277935904447927334199302965995034939549194908833443595791301006529496607217092368818319769861633884465186088434247298164061436916
45218090074636019992665279730824545375374938651752938477551633219066726111197264587546321607128044716558667316784630362622337161833608466407295861817372515241646916773535354032143971344870235046935489
91454885416149588412962343897786032432095800870821019473873743478813232722922004327386684160527521946310812032466395083699661443739383464869325967485846905369834892159737860368228722624173058457682776
55451253533779110862656124252939576601974263384381766500027410360942249885125776872624926688916121347447151731538720415093087999246180808293346330373883401193217826136157481214364672114344665570103918
67871944783424769127883784736012992008778020618831531001794315706906975799981864139241510941611433021702710898402348499605768003328600971171013440209360058859403273282319410076018164169076119456076207
47169039210084994687973453318384210123067367758336243588111172593537133082759503427788891900372725630059424305649637618730067250725741605335021985968751050777969745825551373473169054352351148212014772
82916860650425969672156496666584798506564708324481617468324994564534292685439877151007951340898451092451914894809911826952154911030587678287689892174082299601924974652402360569708426847739021741106576
70595385561741410901340753039728998728287571615607941118514606405479319287348021845158202662234971824842708521627342265443866376650357549621904640868522900757324652326280571955143995307383217994326147
20431285634780875620999934325097252570053733733215227330772573499746972547812353905859858305846712639085986124434919014866551344609727316120563186107794441785368350002844893111941712379449187912035429
80834163502927613125196446790181484001371885559981691255944164402904254552019927188405910556998300845291624636564604118363972915999739011476253833465203591012503498599859596879125845227528790250011999
06864658038480875274186708030120817494497358565385723615418443526497836663641170664125898952227866779338894021217642351148381287854009000405548424659963823941856558659911466228816802306713008775730623
88942341409552731962961818135663479915056123506793909203016793260153979583033624136156480259587814101271677161675402160196266247680009369085462923131260017853511732770690336541084223426301774878067348
37424837691825289498446349912317259662542636477548304138241493210396651016675321251694710089520650437530328170218409070178050318551235289296528360487496301534302527265195949997935875727002732904640371
07598468928775168185506762287908877726718507325353825603841733521515186159083538831593877170724875303119239583688738237974147646399702856924483378194801327201030122427020688918047458502222545568922724
90392672378873897212689488617056106595722509080921380250231049871620212684884876027242285681570632775143823202124860219977324300897311915258560967000907859589569222615330107205126118093941010164525070
19103154517697748460784321792595407732386267962900198732901370813508937555561973993988178206489750655521299687978466294316167252239884133294901950899443051786220320753382795090271416713811636680966214
70320445159236676902461270054191145499927850637228686705710221566107299996251995953854325669745577296417034243969344798257153900651514219754250306975013948230407578292189536766565366651694836803625045
21881576321197825766254200553135415584437548540018633064331866508268704678423436412840493799441467439897959414068264403794838096942143839970608444096386791713309533919038098955556204893186417390904809
62073529281441502367652761729738035307427583633180065243417510333883737687072580587323686647690201794564281731711644124888570890961537987351624818420821988989195249239984258659694996086094903659775683
03091508667639611680816316082113444514301286347405619542150363827279731059613356127091208436728546631736699157961660000843737784567653332459145233235231825505952929273610634359704428602182678082009572
53516315350758089807700640637582033984432637435518500565750428634122668851716379329398883925700112691696977726650501519021613857138298007971838808261163545830763604424311416208224453909494660940302936
29783996352981908044974399641903994413048459679695082442628710229870197264141201701277639423465554686502936176476513578412771526906559974502141012569612009153774641540990336458606789990007404069333424
46930419796596418782954568012258051114084845408378763231252480487618237823383133031557792150191874700684924258571958627832173451841001695141910205269175582827922234496900213356072089539741654009540351
30485245997004501930770787390825084500329020592895885153882984695245397409671870460195473981552099628370557645803812551860127428581340415371073554902108330295043309360117426893495605751970477017963094
94864818977944655380050321251113701302299104761299414676893127429759090100798927880559338961613580400622692406314561514503864334497459830073824302473126412046605361454774268690057580143469250986253941
36734844531453089701200283922537322708372519840710052290794969801373131504780771798918199605715945478758428417806699628709382096535532576517497088061043171390156921108851701521547851280520857449789567
65990108606338144542118725542330920132914868682258681665339792886810233710598745704892325504904688601174123117700189543095785345326645050693364594448067756392045811418697933584050877842693808589642702
42709749250148664522500616055390762666603629688050432493310842810086967441409206449698142126330450266112272114858939845078833098015838055498895988082601694915729224231790781270090451612203007940375444
72486307311849264414495990666203654386219523561103774263249881456007620892340573040488924032179099973953499469783944736159488507595090351519417903388013174034704405762033074987527348756171771313001214
83344219683072755782418748083121685027087504791269620427525859917639539309971119202366210715628691747797897900920379190184876655922613622314529678780918395070775136518942606586356568409107494917781895
05780746411117109373414711529791292366139442273122686069133302633882715851170604082680524076331849012598827800218779753352205399512794776587700797694122342183255524101771664833822237471901428971503982
06845185327994835869059086015056932662105016499976991019842467252418740451010019821142228485300574360605707020104210732593025392950910703405628061037416731362777870041303165184487148024170540549575825
25396131134534977603308795644918447173486859557217547548102713569496756331586230104060893284732891476222372215246844945483058357494317576798514199705264771507268910869668631142033579148390239040249117
17028650908619204126619321715806601666776739679382163097470970732828495260247397716335094302587889650478615676549173904535905783858118199856513442932497188676983016826931884129542883794573481784489002
38081476816654711645583529631654654901703490061157725290353439016508889348366671465185130796607478558494440219456964600779359018064005469692659268838807052975002404171252537453266068965385985147556874
02779531114703677426499894375215593448779161729483225324953485056512381207472532075507195745260011269501260415942694536002748741087237374647131693048878044040148063022606311770007804830234271299793953
61578408678736038502214421360198268218277060865827060403769798835658477394570054053015383472555232099728177402009520180420977491910895922664196049357529519578660871383862273107055729802751810017177653
09332532001490419947249412301041177422642881034148973036367463770614800008303718827350188844133307987919049342327272482296821461172073977023285104353572384522850057346368686429854133581255440645501137
21805096757295127681000785797291391191786617120000412400992631780191289052084295438670789974262472510647946567002061059166583822294480494042972190206132013517739397538952149551891416837388173233988704
13039647773833337130172423202465878752621937460183392754095441020815378681327367998193815369681982411209531399081110691149037326569619763992822153115339234276845736702214628833376009045464360843636079
43143798469651207160770306887583018509465323675382479611310290511574510265522172339202556575546925396514078406639871226803570262711672291341126225450030617836027306758904216159696621802687402134009011
44227015994312530314338890990024676570161722978239684673684887276123351423943766844213791482329953281353949237012455846184319224843900416639332797491112745698174486647200345515266597762531340908664305
63930204079169884119730736582730045286615721622235329412060435659270831513698041676517744009577594590843324138598141837438497368737913447180131947121096057785578471938766989175809138833711389338523310
11802772864154483726610115540741823200406033694096659880536521825347517412782103968878023706080545396239519949246243277547366410141795846852798515832808544385592781267044423374889289035675126514833759
10343303315115481344602770328819876306658361001365028217469252451211896834155391095838775802169282682497924673984687465147373523783142035594882543211727487939229663067718227673994299057752896772089952
89656307550642131879836568578316283033800066481568662420279200850354954973831989866200257370387634222829125413492212259187347020743927069500162383721769495127191686382264371501076162301835874934775991
64891024985620841219180428399525924349747400706849757902751706428153047789971756741443639009671488982853970148712888442344221699687175664898662170916343085164333062720100278487698254555183516044216557
57653639733209952889970314709476332697780210107586505558148387930311080133345106956623458588202535846079323935542306672622542996402001943557201554311703059261021451567932864139563843360308610777034827
22573881719365960146475245585988137645917943652668215750400218244900421317994352173768920941087670642795604039276844836143463221287478959574421205800617963306626586391241703025605869585137919769318744
83433881032629690169477062469009362840246438310638576404761863090496513376339394242014400786107358122459282221668061601801612567479646764008394390483565936184043129708328277619957435940759375808898622
46943054840391700413361369465682388803407436728789218366503271421404764420394183306133703232494746334086215643175801181606968564497895738403812593621893602470819621396236730991254555145582596658909642
41843967405276643668546246332788183679311858632900975621257645453730873951944136436198235999657150339757041686529130175696752499722617314682336469578257925194086440401881216862939956749478896662824023
34404223542301915995074622864098668082566019300112829203790311307308686487539841035175566700850892870430394478793201077649635834113376407064043486783478453146757006648664098659227586542856623523110976
49747239437394713599725268568444528364419168852101204922090836288215868794871202352966367360000034712513193313760189917674674899273444065318886914006763142821958213811542332243645431775157364398891956
30172701355683336039773873793478786176204864328921910498777214104723543121655478769929718661272864118653010577565759851839986384727882305382138826801186004633235935268796229212814125025408923616452254
89891112285435682883020406138896775999319862442630954115730739316125259137591776994605100374237861606531283570469022552881424332492265305872911015491891054687128344196683197290761040265835747593105793
02474583194628296753340381538688828298819291231018342592655415409249242281304607652903168922674610745963016606462852191283440024098784307977536911442562027321751541172861846457793060274107394648758154
43007695737459193386242831533099400381856791723273818293546855017045353024397836218257712519210034779292743637270018889250174197596715180645572673473598707137196789598774233693150402492136847637686653
07865796490616668948317885761213209790442623381395328018506648280381447600158308042945907682620860904767792723757063753534996172294662352826323229517180570399838294551956588902073784851012995817482699
27708948676736456597475842888872564358137901758329176870050037483010054864141176005712937043901315310718442752362055249265565698342543408695853358885901479230095241881850355783791483850775894549829906
13292222356484904852709117508571110534779437029425815958608685896862541404408370871576359427108004250500163990107456312274986986324496602993923971504721339940874234804216538127297691726840020565967309
15226690596425796316511390166157699551510272943595248397604211181358401649845495931771533175485710650917821662376443718145695367344548240508835401975981460199843527342524508240357048206416322794641013
56558153626228492578997063494541396103787320369736537235804258399121491143179273028873353079820052194520868085399396641240154359580133221249790829704828155780741974498512701795986568596174160458927771
24134293070975036780584383583495120751070288793483642092640109812089208427228868142543829830033444564309251239143509904887803467815477592827734286496886787023727274045437422853412292881795388037451914
95733489511652469542444938460531306665838193352516772265221474506494997708264417204420174511194035424416234885526990107571990595257890443143606415557427536707224106172786068812587541225895740170917187
80461786571195365532936845937717075144913124860436649425221912811345748350758091665720344455839973667694870799057820876212915822209960659648565540547381582187507626783869735480456295343771634618288794
66910035509654301038594778757613436730480377709022002491489172415308349596488392792161300247600231287137977926208414866080773996035070988682522386962563850151974693782752904432041297595522629389659044
24668118522798665982307115906378937958720091068578908639442009092799582701107966976842906106008509479670882790488284484314126178036203201670730589949590914743677499739098264232348298589985542201174296
01265689073078060035667690544406743523652979877001567436682054621193558755955655701666525922604744099186873568050426290782945619240378058536631693524513039713637666683646222403955439952823186064845211
03329361137628146590572143595827450508633596322272441855134838673836819179723261605793328911891376957186081307660431983984285312139148766018084049158448166627132246242044844468473447275857783017851168
56411195041633383182914203844421262393007162622930243874178732050290792430892117152731158121336377557712821234269433568572627467234117319652179034381350815761486097840706215149799055136624994593579770
59312929910463759110067012912617560762954912209311529220711904851959146757297148490534608918405712828423144078847191773777537320504666190690494425703090775609879337956235274839301630827517497520247880
52020315624922108294460692281016218461023418858899338329547878791768960422209018242096942859721097805957379400226645232537409730411128075015249103638802744827981203221722576689264074440134843985507692
04191183725462183431063830826746475785267725934297695170152959796565081075799138018745973260361919639936517441474269066585731822717801454410767104022792485569950631908360438340755946185853849824926072
01505224976349318046654806086838100822310966897611477169789582503585739945537418686594682733003553249143918662640219697162482959483319901789953996085793152349409841953024141430248739154508671677962494
80817429007500267575281952577637749603505477604551199486753628312472744392054411740888455719670019314945360733807018053637514817968364813116618429225780663046033891592805677639671362538854457968018518
07773081906641921466055648925227125425825481893931539313327041753428000760949462638581014910018650452650647783166135338942153918976331497185694237963877204507514357418146908541249748568118982527360304
01606018408885486777693886689641701504676454923592353831601787987239796334046525971256518687597420310245862434921246199177827581822068747900313449279188193061145563547439591057984014123422756325609644
51361933993044590918503959947405741957248762414435485792998659325530456254798151821690801798823396534389750785867129439500403932508136021201807742885837097382662675209529622506704209919649825285725977
03229408461562671261544593862753377218264312899918284663061436764705531184463377307783009353041412985305744393235904334261768901320070566995510031464102409211445642699410964087335967127258612376858999
90752547096890164850196884563674662136848747753130442040618977563796672447112658994311374382030539198435368743534265512960166339458313849633099637281477716549496447723807328291019378069616877411405785
62064976289172080148135249318395591201041050479415529045997736405847951078116277729825437132772457164291004841514628262175344782690039151545999381307516260930301306341615207335697340996101331484038309
94287555448149222435971713116327745620184110254690187480711345130892920552897259267107398444057268472627826873719631462437954670537792784581953018474629314893846846036486871184944508769140747521144994
57280251698875489086571985446512452477758557105006873994430101546905992748578290078677232264610232021297265214332391234461044087289531279902656087101769863583222477714836391199821197205755197556228831
56269189591495443906193665165492219147098337102614225593229988209135054810822283828399711629741876491004086206888617500875969049888198616466146128190377865880960771635481315929938077955553741740106664
79749938538428173920359950118875741666711573580074039225448326012408071248507806439474110164795035034279259151896953385303792517023560687702802599058580189533335603883653065235430410428591827509898273
77152408822146533464759950054701726168962197942298886891006496760677685997881032012612932773450419398189880183416890013483848011160171179110673452665024320341688897907938195462820423077222480471384277
20996525721273955491217121065968057809374691116775018831159645660652700191304191903708013299786043235454805216626108129441321147660237617351013845758812976200979012973938032538106197304035044965364659
77414897858952214786128891660357000601489404625296928700066013913903164006690311923016024826129739245668447488573194716199733906823619454124173483174796889171085346404036465836343914525652752388158553
10090353704050206846399470188611810845338843065861420380698451563849503309607384538786967922108685537077159997562353159844274134817536452363211546073150577103584359114340693769666971159969240877789445
62602298869893582106726693509186348777775775025465237809379389134933800698192858674374413463376989280349371568628075628984233033072228356634716515297387701306825068925700171944493423113446230857661131
44153720654817242626134902534940575157335748662845588170423039017544577263029434104111155451654338907845269102742156473031396741753447165098572907556950001878245509517217064266231848048455491961134866
56411285815226902488517138579154926266747579362522373206356281805642246293321595924365910751141625051790222601195624145333449731538627752132343028434297754637702685552795141544519958824289179437195386
00017652953453898809615198263123145802209765054837018739655989515096238204931517238113091809951552308340953107032063464765862130682416621033956162721397895310370531394619927643035166175808937180332993
08876227770553232413994999230193070613582830183524043735668999216407957253271545159745223212254004091737276320167233756099535967566652389134440173760371247733609366524630094013500739973678938066830526
52595850858169915616918876301568018505780728639310123120860138050000500794787638853365363609424647817988556330337663412794666122813723570425468146689061447251454948226260728733513721886733899395117965
03703238495805662921136089381933513039898678147659962782620734207600512379305283171540834027458110481630763511841907100503370301541724922273650960682734281232598683275422009095253649067403852630959621
84196050606218994922761060857297807434416238249743939057354273156019470113948014329234980309937548488619123126759694382344437101262023936370946015446892237277593795180939154757523304559296145426157360
37777362797932426397061234907520409155526219684235131476868833083010774417587121664004810796096517716158028842928521912283002676367074096072285347658898190559115034434131570026083083114370303016559184
46366628689512655570801168879933590374232305573240343451461356805032778128797024278536972027609434822636706620077940737959821766168532224089096702796681765053760745167667768558747507795490869063579457
12509007602691758676566193807498840863543922399167933545047787793872146659080016701275970740649148552438538530422570169356530754521864619673617964191248802099641728309576859768277524306735699094844993
87975759754997177423413353723971880566433824831583046694988275564610465767362412948507996945511975111809536999283063075871322730263546411003041579999676700975113769310632959318227106976186809176009262
58861143517578452230234916109026822158401370417641886409119233038443416563505281579319243388702568001658228757026969106446237603704891814701603411324180833515087696879469749083425836839382011772679518
58261197577057440462599335251438456786455160026084244497112477225913781219421049695234048495439941419552494719900423149910656640702869029702812877181292367943114312334404887385015347693509910573706169
84959809983551406697812549723331958951069524686555236502676902097902218162751306821691068650089790113241616746541620928704714903146660721427273565859659242653187745729081921287964849874051570464968986
28132924772382045860767506197272287490069307724220596278089827047717915047822464436253063266180873795599293632375193621147757056535085226710949771033149046961516126849412436425528052178764818542128271
43429676076527406075252693178882337316944896746465902391608607132865669061637573284513805765698077745761854704022696188676356275149618713385719299019896433070684768539088561500403383128657617203088086
04219435470203709277569590572452005940497619981828574455602860260974033995985068137704367753792799213502211029855725271958248649682152384608883377895982038012970186546106906433213933338150449478244866
67722066415768259775362264605471244462005791536623272498089548964520743214580452990151051136924397561805553590991926324657441990658950407079070482015402347636813839871699726764968638982876459062942021
19376128024305343228028649061503452376178728375607609666584934202639366150287777437405274689329594422238278945919871490059981130592818835652263340609606725930100403489174390846807989661354367527988805
45664024294092625190066437317381847441983394556295211057980639943600098349715336187404105460566047046191264908538478118657603329036865102604677426237314096549464052882042620564119940541296152789968164
44969500811217649702359360941717105075066209194266613740736829839339167907916555318785950553556612728410423098731829316363631502774747980209284366419246731881071665453493533061822849612722141217954215
76838647895483700943455746408558351215194854124340707471111188913056867262777331601360791011904430318055544207369618687798001444677702459899827988769558358494064734291170274974940895852611329794313643
66027989489558276409628781147775499397235202231872054844278155915846671311636735152769286013806511170223586481917293133934537188217459730578769600133459002913764620603670668721856391223517813475437917
17327835310533780050104181652824786461192267736761974302679972542198429646611407797157336323778909941836619852521448292026416206393408269464628982802236878610542802850997351349642085692655701901386377
02236934556404341010121134227190643458023665011322554680004045209766661927741805150728741147769845701815701891529591675702498584076350820139383263522212472522949674878883014350624857316568764841448228
82028744005778835734592106500788202006628397190665014226078377319639411352064352054708528457398273414769296643840430395350081020362760789565040095344899019412460836926092699828354035156199545720615246
70860063525077550547994310765152338336808405170324035498765472625650232092721956351020816555737494438857022417065189280067650501066051975118136654594790476658974571689322136793364955015870667216496528
93172227866326476392987263128519827251958612471110520256580541746693780561919040294429090354440209570856947871013565686613287527405482178085409775445229659501361039247067827715471903060912169262208136
01978044875816617948853677770030329356753234018824801370067062215242017352083087668707723631872518711456876374153123815370458811603970757496821135636465622605886175140001893928691457919181769578005225
60619107011710803642457349514780751861585656858242488442395773948136204971557493643487837336922755608295452392678948921686471668428258715146323137922300147415358195186692256689504756763636263292710371
72638545583072809183915932257164357321972299491539842357572210645587776917059314218456123574551319288199014947581426050527293524474283306920978032859831670925582922452046234037415328485497167359714238
85447941394570546638203991235533290994243892868421461852195640162171517098474238304681890576884021372003842275227695796953534936265685962101825804394281754169987565273603787387926566831277367015762022
52227118594154489372045392933450683316166773232179596027321868848179005684920359308110844122006845066726230475325336532056479355051835470639163718562089856781409594251326432825601822907507947828444598
14154620851070268237937111778951598970957275391347032965035040191180307024576900825211736233562871903615385995198811915738005594807160890300911913024709622391973689671703917028551123305557854115282574
96866264775008283851314467404373951890277790810197548115877514801201220129302332006129627578080301445479511845277089064711539771837605558732471189387759824091107167612408845085113980084486826534415878
67249011152174028808283529898576320224569998392202220802704561213458834923865207521721202650973328323926424946610893113598788032184478220815406507830399360395504261215399069831634865012253725343774226
14422730009851993622978535479651095589509686906268758531070148269838918079899437505558877893830833644664555698649316196807282466942619284775552683313193833290896379290869334702155664160481690529468446
59097030586359175182219603210875875770741596603123544417858045543232507678239763029762668464148461913872617583015004260227631609993470652332935435883105091351270519804257441216796329028155282456538073
92024113278569760525569047627388781312931708684958407501286144014375560831621316376028477083604231709993077108965769606525887401891792210952948425607252932773054355677672088952612557752042549174752431
84185611756336076613214951797027446909204159779530851469850763529341461898065930137384461437902856094304202916049779337581493689288938350553378567421291530020960054889166495464216557820824921126527753
52416170435923144595906382651306559286421213548119819549925067632870424845111133016180395891784062226700443858182710940441729447882452628906836227212468850796775912376496099613355703888078765279636377
17635960518746758635509296561452145832905770567350100020808945289965155745911876888001293207047946471268771058958769008358353249816253040148253059972937084500411038552889606931121324242692633058813394
25486727232696012951213793056990659553278737358845986478785696681738075840587563171911981462230405233019297065392713804170395656101622643560121392993502731319139293679236468599808370575807730871331374
91097187460387035205525269874513932662308548261994446292399762057414666612459758114035484653878812490072539614648063812477775658890827273456010837218467334812911905844109710096737795431032224636122653
75405564953817149762908581919447907655060353287256678627730974696551268415845763342406199186767533651602308996450692222152949792250542994883448709921136650521967113322703377148332678333507715636160361
89862465782667114183331612428258154692383571483123679832296243158537078345495927584469811535842926823677338932881349420594200592174663517620810164106388908077286964226908101127750400400228148955409211
23146534030134368561140916928251777440056289817683790781496421790455552370453233702703164726008143811040298711084286794286086811414519750521721379940388999690932505481433726153249398319298382754402568
16099641236430522417456991148829640524850515568901968559675777852904501552120142438486373942829239991067591725068009666152556482571799661763562562450267623383742013970046614872217366020578842243662889
64024747142924120100555201839647149543479661373586563283368422159213870746975444290540176940476309686852461935557731760574612262320907466569136011187147828067499602540108032953063099771797458639093005
93032562312511449643129719672841174542005458613579011285164340689234656403264734657877593147137173748588806401867764415740765492786636619379667354007572760211709564255304260928528377774715085944389019
45776952157124863913092437449555024821036769145469788143089934756150366932079635733749277182759374600296405388051548465173569418978199761291328472448157533675484404392541875733989894767347005447087251
63010362352329112604669131124832335692829073195677033969191795130611896013324081897303235424139300701302665185484125760223836096267419895306954588255397683402120063952705312970896345225575908106413984
43765463648222570239233419558614100679135177425460505848005066577764879498351817068774674172042928507668403504513502989608825217069046886268831382590652764287915019618456369499858936302822535346220275
82198187878131271699052634859717129057756771018270197572988051875991686555658798929877095092199780078825683472265242171691812001028120680950496913322701094216330143333648688471916186587928862898331796
77671491754739711911759743270359027386473168239343448614954181005733502038953018374435842452682177559952860171128564258416674091066154430679702768105277854265581499854013004482212039715353911250356879
19053098128737082633946479159043240560582575276551846605810946263339319766416281466256750944592827078965608436574199886073642856753641321166925354554153418613490956009237029657022748009891332539239174
88604376815296416340765259562501583132713555108752920747623995245750944491121907391388052361087754868220342752694924959387615382780805861056535140545775448297475778256373948752938426162081950629664494
70857608184366188029745962508666673655484110721745611327590456245700368971164250912154824081725425754763970525519926438059141995660038446698379464029144089370936161026805634781303418136095208814138718
59297202267668920072072243723918059772218994918917126560833146151340581573164175809655761297814141119469775185785843439750451987090946813633321006361439584893894808510095429521380723673064543026097208
96083429226572214052614194089268869421353900343771932361071917725667992404531008123550879960644320141581256369371858836932218653987035471009958243147742185240538464101404329443770664884428694732162414
86800550256917953169028541366426318564509493108636758602740505458216686828358114099852348520266089677572307331730947193145193994083830262117293409318944673075473776912335074544497483971478917205816241
86942518483544258938200471563973788939009353998703546883951469837853953000499481045845350596491376683993154213319093530789549778347756291712276377652822786876702697428710139766743928218005695857819680
89599386715199272448309099185906155083677388528772704833741561398898475305178967267642027395724725662314152140886771095924416098777908533940028607906491852471548231204809803883883424519878142287318918
81021879634971291173605490779870974161044634075112474136113313310748063538138669018741364896127213219784899676709573629100924665909087569648238187569690784140952880738894747555324293482818026324509680
05403276610757575958113670666679439956520795472289293750737624787875649610189527549836820584172159823786926978624727412680020455339828612329314086929180402449994996969312263661566476617071973382190121
56805630296263533363218240143588388841893739084512054970106476214291500895793347652262472010753394444635124761448864003526711050414189612388442450052324996213264872836064021286283416027849185674079678
17021185931391570081039790486369293303897946305523628827886424663905307221853605180064962716293785535259564926657853270743582882536371227931527204853020578988153982337020492345740344313303239739062786
94847297610253388542830342199050654675336571002856161397516434619177802570872280896127998753115142035484682912113737646511052769082722110521735220984557862350258443684838231775773149837362300246724100
92529276109610103956970337700921273390213396309894781736728710937299512041603582152457129190206955028224584865272447379281503128840672243931450624671700852284269548962257515609266436643881529673470817
67915107783259808643939895515981694306075422304390806985466254534066866528980639621210786503256872480055073136290442432294519399759764461976808862205446019240116202650060642438878624245461494014481508
76493771577912588292135399336333172471848751109920265797840573082351435500843837073664558525026473646198472776603082437301003843127948807297057677820570892188611317317138843701485654833263037188829734
53010046094734086926290090208763076290009674003897538759709577104724056115645126091067947016746241846459133966587984890593398032116973889275054944324595924747150947258375992588940511106590506512547576
28755835260371639766043168765748543128844094479355959268346010886318292804441696103340176989189821660162536897727052281071990174230448711502375090429646765972396532404786015534508663359056307160503991
79426772750503116871862479609638771468865818449249335594684769636793779282247263396868326902167737226366890536867763716338744639581417098161979766039882878452310653675483882778593583960816269456913474
07225132067809729001817376633673317020329231323226327065948207768680914867191625278006710733421289473879880954574396167332694714952269340535004654262906185789176312548594214670098380119887906657001972
39478198303306517506762353564517456288318850502272051306855406171911763758820267462512410952581803971278250278037410752949190390889936853000106847832226467418696501489719021625501755511272033804264365
26734109436991025977407449392966561174017808121638570225276662318446847840654938985029566332585629235139314819807300576301669324569092033636617567737677735989337267660145806784658315110808834570258482
98575342027470599779234939615447314048462201450540463177030706457173120460528882821158072154799726040206579559933079976101703677473723373428514921810441813390059621988242304796079233536885812075383237
66705887599125403374406159903270070551430445905435095622642961998266319553063829358013297493504641294151677151006100449180661327447852111027159062026157213545209906319513458556778685329675126218872945
28013793609552748701985285904386309989269116311383673111634264824014931062615963422736919537939352867163556162614189792647353518795523078785158686756012768019910684901070797575142945441445556716116216
48733606028772198763542603987042037598420298629417961133621358771533375514378439146471735182980233582033690635679418591201519754014430729984663505376608979946569205297107764134864446233349927149668398
28669939773157682194565951534638415600577902862191549234309984735295464174560992266182712621296747483821499518734574767259570176815129460331127786152097947254857379438571804504331641555271866815761738
11059012420838310141929088896197594607069145996120412542423244114596492328039874815379734350781352191326359536940499662219297342563815452606290459337759870724992204069421072219373160250424846386782657
95410503456168682823406363311802645615963691659153404232785075239793489768035942502947336935678869129226021727997483336149618694528540363437146086349956027888440214340885519110964879473374330371925105
87680909740456392035539460714982760970946182711936501647838238524711827635818123993079763786550131434199600635934434410700566579822233223407120865228499465034128564908478380587109961819513257003414263
31337228449170267519282328481216441184150267405277325559417760507637262200152992644321382270322007735276213504788312440879921144117636287739127271417796608842256111969934858875136808570574891625711904
31141092480487183053169316727991027136596654595890118040934635958693544129888560501527531206711700255889887836806968932054657747094773671667267085079476851848549036506884500528025174879154110034906584
96611803257905718450780021006147729009326048730677855857287093865967012646711798473081901900408096999183957046906424726836079098890828345241151724398981700612593795759476583655085095377438800171866004
65212074045098764272395224994952793192526225314933284916327932304933197839562966406899751467909393802607764070822423498767457488980141827444648881242248903843632968072938502401747971882378954342161655
43777706295135971850615268174841110012631464171289440988896402516547702168785923079260161911185749431668648250757776982093212708873950926741038725516825368551538143345931237039581365101176259063699383
70840157283834045020532198284031227454373686203005079200328724066923363641371874391412444539935728086340699076435579945619504299297053113012975655741302272623562479881104312107673706145537804051231363
